Point: 156, 287, RGB: [18.0107529   3.60215058  9.00537645]
Point: 247, 291, RGB: [41.15434659  8.23086932 20.5771733 ]
Point: 124, 288, RGB: [5.47804164 1.09560833 2.73902082]
Point: 131, 286, RGB: [8.29630866 1.65926173 4.14815433]
Point: 131, 301, RGB: [12.35744448  2.4714889   6.17872224]
Point: 132, 308, RGB: [10.51869045  2.10373809  5.25934523]
Point: 135, 311, RGB: [11.08153107  2.21630621  5.54076554]
Point: 138, 305, RGB: [25.42722193  5.08544439 12.71361096]
Point: 139, 302, RGB: [36.97809453  7.39561891 18.48904726]
Point: 141, 292, RGB: [34.46351512  6.89270302 17.23175756]
Point: 141, 291, RGB: [30.56745366  6.11349073 15.28372683]
Point: 141, 292, RGB: [  0.   0. 255.]
Point: 137, 292, RGB: [20.96420753  4.19284151 10.48210377]
Point: 133, 280, RGB: [6.56801765 1.31360353 3.28400882]
Point: 139, 274, RGB: [5.49329434 1.09865887 2.74664717]
Point: 122, 290, RGB: [5.03405021 1.00681004 2.51702511]
Point: 120, 288, RGB: [4.23807505 0.84761501 2.11903753]
Point: 119, 284, RGB: [3.63036315 0.72607263 1.81518158]
Point: 117, 281, RGB: [3.03892726 0.60778545 1.51946363]
Point: 115, 277, RGB: [2.51520931 0.50304186 1.25760466]
Point: 113, 270, RGB: [1.96502982 0.39300596 0.98251491]
Point: 110, 262, RGB: [1.51191715 0.30238343 0.75595857]
Point: 108, 256, RGB: [1.290807  0.2581614 0.6454035]
Point: 102, 243, RGB: [0.98185862 0.19637172 0.49092931]
Point: 99, 233, RGB: [0.86768124 0.17353625 0.43384062]
Point: 122, 290, RGB: [  0.   0. 255.]
Point: 121, 290, RGB: [4.71023346 0.94204669 2.35511673]
Point: 121, 290, RGB: [  0.   0. 255.]
Point: 119, 287, RGB: [3.90651178 0.78130236 1.95325589]
Point: 121, 289, RGB: [4.61180531 0.92236106 2.30590265]
Point: 121, 287, RGB: [4.39684926 0.87936985 2.19842463]
Point: 120, 286, RGB: [4.04026077 0.80805215 2.02013039]
Point: 116, 279, RGB: [2.7592845  0.5518569  1.37964225]
Point: 117, 279, RGB: [2.88083817 0.57616763 1.44041909]
Point: 122, 272, RGB: [2.80570753 0.56114151 1.40285376]
Point: 121, 274, RGB: [2.90409772 0.58081954 1.45204886]
Point: 120, 275, RGB: [2.890306  0.5780612 1.445153 ]
Point: 117, 281, RGB: [  0.   0. 255.]
Point: 122, 273, RGB: [2.90962153 0.58192431 1.45481076]
Point: 130, 265, RGB: [2.67657484 0.53531497 1.33828742]
Point: 132, 265, RGB: [2.8004011  0.56008022 1.40020055]
Point: 139, 263, RGB: [2.87892348 0.5757847  1.43946174]
Point: 142, 263, RGB: [2.97985925 0.59597185 1.48992963]
Point: 144, 263, RGB: [3.03072428 0.60614486 1.51536214]
Point: 145, 263, RGB: [3.05077666 0.61015533 1.52538833]
Point: 152, 262, RGB: [2.93749689 0.58749938 1.46874845]
Point: 155, 263, RGB: [3.05770994 0.61154199 1.52885497]
Point: 158, 263, RGB: [3.00914032 0.60182806 1.50457016]
Point: 163, 262, RGB: [2.78604106 0.55720821 1.39302053]
Point: 171, 262, RGB: [2.68249038 0.53649808 1.34124519]
Point: 133, 292, RGB: [13.44217913  2.68843583  6.72108956]
Point: 131, 292, RGB: [11.00611541  2.20122308  5.5030577 ]
Point: 131, 292, RGB: [  0.   0. 255.]
Point: 131, 292, RGB: [  0.   0. 255.]
Point: 127, 289, RGB: [7.01400992 1.40280198 3.50700496]
Point: 129, 288, RGB: [7.86621966 1.57324393 3.93310983]
